AnGamma  Version 3.30    24/02/2015 18:43:38

File: 3AU76P5.SPC
Sample date:                  18/11/2002 10:49:51
Weight:                       1 kg
Volume:                       1 l
Start date:                   20/03/2014 14:24:16
Real time:                    2235 sec
Live time:                    2197 sec


  N    Center   Energy       Area   Error    Fwhm    Chi2  Nuclide                  
      channel      keV      count       %     keV                                   
------------------------------------------------------------------------------------
  1    268.89    41.99       6571    0.00    0.72    0.00                           
  2    272.17    43.43       7264    0.00    2.79    0.00                           
  3    294.24    53.11     120226    0.36    3.82                                   
  4    298.15    54.82        737   21.12    0.41                                   
  5    306.49    58.48      12564    3.81    0.88    7.75                           
  6    310.46    60.22      16190    4.05    0.83    7.75                           
  7    322.57    65.53       1385    0.00    0.93    0.00                           
  8    417.13   106.99       2467   10.55    0.86    1.28                           
  9    435.29   114.95      54971    0.87    0.81    0.08                           
 10    507.44   146.58      42349    1.10    0.85    0.14                           
 11    642.08   205.61       1114    8.00    0.87    1.94                           
 12    680.96   222.66       3788    0.00    0.90    0.00                           
 13    735.75   246.68       2559    0.00    0.99    0.00                           
 14    765.74   259.83      27385    0.00    0.97    0.00                           
 15    806.23   277.58      99345    0.52    0.96    8.15                           
 16    906.30   321.46      83855    0.57    0.99    2.04                           
 17    931.56   332.53       7095    4.57    1.06    2.15                           
 18   1377.06   527.85        525    0.00    1.02    0.00                           
 19   1400.21   538.00        556    8.01    1.04    0.91                           
 20   1797.02   711.98        261   13.43    1.19    1.37                           
 21   2777.68  1141.94       1464   18.13    1.28   27.82                           



Nuclide         Activity Specific act.   Error
                      Bk         Bk/kg       %
----------------------------------------------
Radionuclide library was not loaded


