AnGamma  Version 3.30    24/02/2015 18:48:56

File: 4AU88P5.SPC
Sample date:                  18/11/2002 10:49:51
Weight:                       1 kg
Volume:                       1 l
Start date:                   17/10/2014 0:09:17
Real time:                    7651 sec
Live time:                    7538 sec


  N    Center   Energy       Area   Error    Fwhm    Chi2  Nuclide                  
      channel      keV      count       %     keV                                   
------------------------------------------------------------------------------------
  1    289.92    65.90      32350    3.88    3.3715344.08                           
  2    304.20    73.90      70277    4.14    1.45   63.08                           
  3    308.01    76.04      59454    5.16    1.46   63.08                           
  4    311.61    78.05      26420    9.45    1.59   63.08                           
  5    320.79    83.19       2579    0.00    0.85    0.00                           
  6    418.14   137.70       2567    9.93    1.06    0.84                           
  7    436.28   147.85      71892    0.00    1.15    0.00                           
  8    508.68   188.38      54473    0.00    1.21    0.00                           
  9    598.83   238.86       1741   13.20    1.00    0.50                           
 10    643.49   263.86       1418   22.41    1.19   15.80                           
 11    682.50   285.70       5047    0.00    1.39    0.00                           
 12    699.86   295.42        613   34.48    1.14    0.82                           
 13    737.42   316.46       3061    0.00    1.28    0.00                           
 14    767.50   333.30      82005    0.83    1.17    0.50                           
 15    808.10   356.02     316845    0.28    1.24   57.52                           
 16    908.38   412.17     215003    0.36    1.26   12.60                           
 17    924.86   421.40        694    0.00    0.56    0.00                           
 18    927.69   422.99       1000    0.00    0.93    0.00                           
 19    933.68   426.34      18433    0.00    1.23    0.00                           
 20   1214.71   583.68        919    0.00    1.43    0.00                           
 21   1261.55   609.91       1800    0.00    1.58    0.00                           
 22   1355.40   662.45        703   29.01    0.87  288.64                           
 23   1380.48   676.50       1272    6.05    1.60    0.92                           
 24   1403.62   689.45       1679    0.00    1.59    0.00                           
 25   2160.62  1113.28        316   18.37    1.14    3.66                           
 26   2174.78  1121.21        426   27.00    1.48    0.41                           
 27   2269.47  1174.23       4136   16.00    1.72    2.50                           
 28   2554.39  1333.75       5067   16.44    1.94   11.95                           
 29   2783.63  1462.10       5559    6.67    1.84    2.14                           
 30   4846.37  2616.99       1277    4.97    2.54    0.52                           



Nuclide         Activity Specific act.   Error
                      Bk         Bk/kg       %
----------------------------------------------
Radionuclide library was not loaded


