AnGamma  Version 3.30    24/02/2015 18:49:13

File: 4TM67P5.SPC
Sample date:                  18/11/2002 10:49:51
Weight:                       1 kg
Volume:                       1 l
Start date:                   16/10/2014 20:06:32
Real time:                    7279 sec
Live time:                    7237 sec


  N    Center   Energy       Area   Error    Fwhm    Chi2  Nuclide                  
      channel      keV      count       %     keV                                   
------------------------------------------------------------------------------------
  1    270.37    54.96       7969    9.81    1.92 2285.17                           
  2    320.62    83.10       1692   16.51    1.21   11.12                           
  3    349.56    99.30       1788    0.00    1.18    0.00                           
  4    501.44   184.33       8497    0.00    1.29    0.00                           
  5    526.40   198.31      23806    0.00    1.25    0.00                           
  6    543.50   207.88      24156    0.00    1.32    0.00                           
  7    598.56   238.71       1907   26.14    1.34    0.04                           
  8    699.73   295.35       1990   23.52    1.71    2.11                           
  9    971.99   447.78       5426    0.00    1.23    0.00                           
 10   1214.50   583.56        836   14.09    1.28    1.97                           
 11   1261.31   609.77       1644    8.84    1.24    0.69                           
 12   1301.30   632.16       1511    0.00    1.39    0.00                           
 13   1354.66   662.04       1445    0.00    1.38    0.00                           
 14   1459.58   720.78       1978    0.00    1.52    0.00                           
 15   1497.19   741.84       2259   11.38    1.53    0.44                           
 16   1630.58   816.52       8126    3.03    1.57    3.16                           
 17   1639.83   821.70       1764    8.03    1.38    4.73                           
 18   1800.77   911.81        949   18.95    1.58    1.39                           
 19   2269.12  1174.03       4716    4.24    1.70    1.74                           
 20   2553.84  1333.44       4661    1.59    2.03                                   
 21   2688.73  1408.96        570   11.29    1.63    0.82                           
 22   2783.18  1461.85       6053    1.40    1.93                                   



Nuclide         Activity Specific act.   Error
                      Bk         Bk/kg       %
----------------------------------------------
Radionuclide library was not loaded


