AnGamma  Version 3.30    24/02/2015 18:44:24

File: 5AU76P5.SPC
Sample date:                  18/11/2002 10:49:51
Weight:                       1 kg
Volume:                       1 l
Start date:                   22/03/2014 0:56:52
Real time:                    15664 sec
Live time:                    15480 sec


  N    Center   Energy       Area   Error    Fwhm    Chi2  Nuclide                  
      channel      keV      count       %     keV                                   
------------------------------------------------------------------------------------
  1    287.75    50.26      81687    2.31    1.5534593.14                           
  2    299.24    55.30        805  192.75    0.22  590.49                           
  3    303.81    57.30     106263    7.19    1.13  590.49                           
  4    320.21    64.49       6793    9.62    0.88 1749.87                           
  5    323.81    66.07      19755   16.44    1.18 1749.87                           
  6    348.24    76.78       2386   25.06    0.83    1.19                           
  7    417.27   107.05       1693   25.82    0.79    6.05                           
  8    435.38   114.99      30065    0.00    0.96    0.00                           
  9    507.55   146.63      21721    0.00    0.99    0.00                           
 10    597.41   186.03       4053   11.24    0.93    1.01                           
 11    680.89   222.63       3524   12.79    1.07    0.25                           
 12    698.28   230.25       2303   10.03    0.91    9.12                           
 13    735.40   246.53        992    0.00    0.97    0.00                           
 14    765.81   259.86     168117    0.50    0.94    9.86                           
 15    806.30   277.61     628456    0.35    0.96    3.14                           
 16    906.35   321.48     402018    0.26    0.99   21.23                           
 17    922.06   328.37          0    0.00    0.00                                   
 18    925.43   329.84         21  601.41   -5.86                                   
 19    931.59   332.54      37606    0.00    1.01    0.00                           
 20    941.68   336.97      20096975697958146.93    0.22129570.78                           
 21   1082.98   398.92       2459    6.67    1.57    9.92                           
 22   1212.04   455.51       2101    0.00    1.03    0.00                           
 23   1258.60   475.92       3965    0.00    1.16    0.00                           
 24   1377.43   528.02       2209    0.00    1.17    0.00                           
 25   1400.29   538.04       3512    0.00    1.13    0.00                           
 26   1617.71   633.37       1971    0.00    1.20    0.00                           
 27   1660.65   652.19       1547    0.00    1.23    0.00                           
 28   1796.95   711.95       1777    0.00    1.25    0.00                           
 29   1899.94   757.11       1278   10.23    1.25    1.23                           
 30   2169.95   875.49       1446    8.22    1.39    0.89                           
 31   2777.23  1141.74      14335    1.78    1.50    1.39                           
 32   4835.07  2043.97       2593    3.17    1.91    0.86                           



Nuclide         Activity Specific act.   Error
                      Bk         Bk/kg       %
----------------------------------------------
Radionuclide library was not loaded


