AnGamma  Version 3.30    24/02/2015 18:45:08

File: 5TM66P5.SPC
Sample date:                  18/11/2002 10:49:51
Weight:                       1 kg
Volume:                       1 l
Start date:                   21/03/2014 21:05:03
Real time:                    13816 sec
Live time:                    13750 sec


  N    Center   Energy       Area   Error    Fwhm    Chi2  Nuclide                  
      channel      keV      count       %     keV                                   
------------------------------------------------------------------------------------
  1    298.59    55.01       3070    0.00    0.97    0.00                           
  2    302.47    56.71       5502    0.00    0.96    0.00                           
  3    311.68    60.75       3832    8.28    0.36  441.16                           
  4    348.95    77.09       3778    0.00    0.82    0.00                           
  5    500.53   143.55      15322    0.00    1.02    0.00                           
  6    525.37   154.44      44923    0.00    0.97    0.00                           
  7    542.46   161.94     180174    0.36    0.87   14.42                           
  8    597.50   186.07       2449    0.00    0.96    0.00                           
  9    698.33   230.27       1643    0.00    0.88    0.00                           
 10    775.32   264.03        708   15.44    1.00    1.26                           
 11    799.56   274.66       3228    0.00    1.10    0.00                           
 12    970.03   349.40      10426    2.70    1.01    0.95                           
 13   1083.00   398.93       2324    6.73    1.81    1.96                           
 14   1119.90   415.11       3666    0.00    1.06    0.00                           
 15   1147.27   427.11       1022    7.80    1.10                                   
 16   1211.94   455.46       1892    0.00    1.06    0.00                           
 17   1258.55   475.89       3689    0.00    1.19    0.00                           
 18   1298.51   493.42       3220   10.61    1.08    1.00                           
 19   1323.59   504.41        690    9.90    1.02    0.81                           
 20   1456.58   562.72       4006    0.00    1.23    0.00                           
 21   1475.14   570.86       1384    0.00    1.10    0.00                           
 22   1494.09   579.16       4196    5.26    1.09    0.42                           
 23   1617.71   633.36       1839    0.00    1.06    0.00                           
 24   1627.15   637.50      14999    1.51    1.23    1.09                           
 25   1636.41   641.56       1487    5.97    1.01                                   
 26   1652.01   648.40       2380    5.22    1.28    0.59                           
 27   1660.91   652.30       1466    8.38    1.03    3.18                           
 28   1796.97   711.96       1670    8.33    1.24    0.50                           
 29   1803.76   714.93       1296   48.80    1.23    0.50                           
 30   1899.98   757.12       1606   22.50    1.36    0.14                           
 31   2380.57   967.83        323   16.96    0.78    4.97                           
 32   2777.20  1141.73      12758    1.54    1.52    0.47                           
 33   4835.12  2043.99       2261    3.58    1.92    0.67                           



Nuclide         Activity Specific act.   Error
                      Bk         Bk/kg       %
----------------------------------------------
Radionuclide library was not loaded


