AnGamma  Version 3.30    24/02/2015 18:49:38

File: 6AU88P5.SPC
Sample date:                  18/11/2002 10:49:51
Weight:                       1 kg
Volume:                       1 l
Start date:                   18/10/2014 6:36:46
Real time:                    14608 sec
Live time:                    14433 sec


  N    Center   Energy       Area   Error    Fwhm    Chi2  Nuclide                  
      channel      keV      count       %     keV                                   
------------------------------------------------------------------------------------
  1    284.87    63.08      75162    0.00    1.28    0.00                           
  2    299.42    71.23      22422   15.02    0.28 1463.59                           
  3    303.81    73.68     130244    3.47    1.44 1463.59                           
  4    320.36    82.95       4205    0.00    1.09    0.00                           
  5    436.14   147.77      15170    0.00    1.14    0.00                           
  6    508.55   188.32      10101    0.00    1.27    0.00                           
  7    598.57   238.72       2542    0.00    1.12    0.00                           
  8    682.30   285.59       1186    0.00    1.18    0.00                           
  9    699.67   295.32       1909   14.68    1.49    1.19                           
 10    767.28   333.17     140478    0.60    1.22    4.54                           
 11    807.85   355.89     530205    0.20    1.29   40.61                           
 12    908.12   412.03     297374    0.32    1.32   26.59                           
 13    933.47   426.22      31865    0.00    1.36    0.00                           
 14    943.17   431.65       1053   10.57    1.12   35.12                           
 15   1085.30   511.22       2072    8.47    2.19    0.83                           
 16   1214.45   583.54       2342    7.87    1.57    0.37                           
 17   1261.22   609.72       3160    0.00    1.51    0.00                           
 18   1354.71   662.06       2960    0.00    1.50    0.00                           
 19   1380.17   676.32       1631    7.92    1.41    0.68                           
 20   1403.01   689.11       3077   10.74    1.61    2.94                           
 21   1800.52   911.67       1658    7.81    1.78    0.42                           
 22   2268.98  1173.95       9325    4.13    1.93    0.53                           
 23   2553.72  1333.37       8529    8.95    2.04    6.31                           
 24   2688.76  1408.98       1327    8.46    2.06    0.68                           
 25   2783.09  1461.79      12397    4.94    2.24   11.10                           
 26   4845.43  2616.47       2401    3.48    2.84    0.87                           



Nuclide         Activity Specific act.   Error
                      Bk         Bk/kg       %
----------------------------------------------
Radionuclide library was not loaded


