AnGamma  Version 3.30    24/02/2015 18:49:56

File: 6TM67P5.SPC
Sample date:                  18/11/2002 10:49:51
Weight:                       1 kg
Volume:                       1 l
Start date:                   17/10/2014 22:13:36
Real time:                    15041 sec
Live time:                    14957 sec


  N    Center   Energy       Area   Error    Fwhm    Chi2  Nuclide                  
      channel      keV      count       %     keV                                   
------------------------------------------------------------------------------------
  1    270.40    54.97       8438    6.19    1.89 4109.73                           
  2    302.94    73.20       5333    0.00    0.89    0.00                           
  3    311.70    78.10       4579    0.00    1.10    0.00                           
  4    320.60    83.08       3655    7.60    1.35   13.93                           
  5    349.55    99.29       2873    0.00    1.13    0.00                           
  6    501.48   184.35      16234    0.00    1.33    0.00                           
  7    526.44   198.33      48439    0.00    1.30    0.00                           
  8    543.54   207.90      44455    0.85    1.11    4.87                           
  9    598.66   238.76       2585    0.00    1.16    0.00                           
 10    699.79   295.39       1520    0.00    1.17    0.00                           
 11    787.24   344.35        602    0.00    1.12    0.00                           
 12    801.14   352.13       2998    0.00    1.22    0.00                           
 13    972.05   447.82      10212    3.05    1.26    1.53                           
 14   1149.65   547.26       1217    8.09    1.44    1.87                           
 15   1214.68   583.67       2385    6.43    1.43    1.25                           
 16   1261.37   609.80       3573    0.00    1.46    0.00                           
 17   1301.30   632.16       3471    0.00    1.45    0.00                           
 18   1354.75   662.09       3276    0.00    1.43    0.00                           
 19   1459.78   720.89       4326    0.00    1.53    0.00                           
 20   1478.34   731.29       1566    0.00    1.48    0.00                           
 21   1497.41   741.96       4432    0.00    1.56    0.00                           
 22   1630.72   816.60      16145    1.35    1.56    1.91                           
 23   1639.94   821.76       5932    3.99    1.53  789.02                           
 24   1655.61   830.53       2026    0.00    1.45    0.00                           
 25   1800.75   911.80       1570    0.00    1.48    0.00                           
 26   1807.79   915.74        762    0.00    1.26    0.00                           
 27   1896.11   965.19       1335   18.94    1.46    2.65                           
 28   1903.16   969.13         5047369.17    0.63 1264.54                           
 29   2174.59  1121.11       1067    7.95    1.85    0.77                           
 30   2269.26  1174.11       9252    2.44    1.86    0.39                           
 31   2385.31  1239.09        512   17.49    1.64    0.90                           
 32   2554.01  1333.54      10554    3.15    1.93    1.75                           
 33   2783.39  1461.96      13610    2.01    1.95    1.65                           



Nuclide         Activity Specific act.   Error
                      Bk         Bk/kg       %
----------------------------------------------
Radionuclide library was not loaded


