AnGamma  Version 3.30    24/02/2015 18:45:34

File: 7AU76P5.SPC
Sample date:                  18/11/2002 10:49:51
Weight:                       1 kg
Volume:                       1 l
Start date:                   25/03/2014 14:36:02
Real time:                    65246 sec
Live time:                    64727 sec


  N    Center   Energy       Area   Error    Fwhm    Chi2  Nuclide                  
      channel      keV      count       %     keV                                   
------------------------------------------------------------------------------------
  1    290.60    51.51    1416788    0.30    2.41 1656.14                           
  2    307.48    58.91     290791    0.32    1.39                                   
  3    311.63    60.73     130884    0.49    1.20                                   
  4    323.60    65.98      10870    0.00    0.94    0.00                           
  5    348.82    77.03       9329    6.14    1.15   12.24                           
  6    596.52   185.64      10233    0.00    1.32    0.00                           
  7    696.60   229.52       5472    0.00    1.27    0.00                           
  8    763.67   258.92     466959    0.32    1.52   42.43                           
  9    803.90   276.56    1720865    0.13    1.57  113.40                           
 10    903.29   320.14     628844    0.25    1.62   61.10                           
 11    928.42   331.15      99492    0.70    1.55   29.68                           
 12    937.83   335.28       1730    0.00    0.44    0.00                           
 13   1078.79   397.08      13017    4.43    2.45    0.84                           
 14   1252.95   473.44      10040   25.95    1.64   54.27                           
 15   1393.88   535.23       9534    2.81    2.08    1.69                           
 16   1610.12   630.04       5822   15.47    2.00    1.09                           
 17   2761.26  1134.74      16456    7.77    2.59  890.46                           



Nuclide         Activity Specific act.   Error
                      Bk         Bk/kg       %
----------------------------------------------
Radionuclide library was not loaded


