AnGamma  Version 3.30    24/02/2015 18:46:01

File: 7TM66P5.SPC
Sample date:                  18/11/2002 10:49:51
Weight:                       1 kg
Volume:                       1 l
Start date:                   24/03/2014 17:52:02
Real time:                    60143 sec
Live time:                    59863 sec


  N    Center   Energy       Area   Error    Fwhm    Chi2  Nuclide                  
      channel      keV      count       %     keV                                   
------------------------------------------------------------------------------------
  1    272.79    43.70      40706    0.00    0.44    0.00                           
  2    275.45    44.87      30149    0.00    0.65    0.00                           
  3    303.10    56.99      13149    0.00    1.18    0.00                           
  4    307.15    58.77      24257    0.00    1.08    0.00                           
  5    315.72    62.52      29189    9.08    1.12    0.11                           
  6    323.59    65.98        71238896.00    0.41 7531.94                           
  7    350.54    77.79      15219    0.00    1.16    0.00                           
  8    502.21   144.29      55653    2.03    1.04    6.96                           
  9    527.10   155.20     187662    0.84    1.10    1.77                           
 10    544.16   162.68     620154    0.21    1.12   14.05                           
 11    599.10   186.77      12685    7.36    1.08    0.00                           
 12    700.13   231.07       8606    4.86    1.14    1.72                           
 13    776.76   264.66       3049    0.00    1.07    0.00                           
 14    801.20   275.38      15843    6.80    1.21    3.51                           
 15    971.73   350.14      43972    1.75    1.23    0.82                           
 16   1084.46   399.57       8267    0.00    1.74    0.00                           
 17   1121.62   415.86      12511    0.00    1.30    0.00                           
 18   1148.90   427.82       4743    0.00    1.29    0.00                           
 19   1213.65   456.21       8545    2.05    1.34                                   
 20   1260.31   476.66      17619    8.78    1.38    2.88                           
 21   1300.25   494.18      13352    8.54    1.33    0.54                           
 22   1325.30   505.16       2933    0.00    1.38    0.00                           
 23   1458.38   563.51      18481    9.18    1.40    0.10                           
 24   1470.84   568.97        390   34.62    0.69                                   
 25   1476.65   571.52       2767    4.96    1.00                                   
 26   1495.82   579.92      14732   15.27    1.18  776.69                           
 27   1543.61   600.88       1113    0.00    1.12    0.00                           
 28   1619.61   634.20       7685   25.22    1.40    0.12                           
 29   1628.91   638.28      68846    1.23    1.45    2.28                           
 30   1637.70   642.13       8754    5.44    0.88  625.85                           
 31   1653.79   649.18       7392    9.44    1.27    6.68                           
 32   1662.58   653.04       8563    5.49    1.44  392.08                           
 33   1798.73   712.73       7061    5.49    1.46    1.91                           
 34   1805.37   715.64       3687    8.39    1.49    1.91                           
 35   1901.82   757.93       3637    2.97    1.31                                   
 36   2171.74   876.27       4633    2.28    1.53                                   
 37   2778.99  1142.51      57438    1.02    1.73    6.79                           
 38   3320.84  1380.08       4734    9.09    1.76    2.59                           
 39   4836.96  2044.80      10509    1.57    2.08    1.85                           



Nuclide         Activity Specific act.   Error
                      Bk         Bk/kg       %
----------------------------------------------
Radionuclide library was not loaded


