AnGamma  Version 3.30    24/02/2015 18:46:24

File: 8AU76P5.SPC
Sample date:                  18/11/2002 10:49:51
Weight:                       1 kg
Volume:                       1 l
Start date:                   01/04/2014 13:52:38
Real time:                    65768 sec
Live time:                    65349 sec


  N    Center   Energy       Area   Error    Fwhm    Chi2  Nuclide                  
      channel      keV      count       %     keV                                   
------------------------------------------------------------------------------------
  1    268.87    41.98      50017    0.00    0.72    0.00                           
  2    272.50    43.57      22669    0.00    1.70    0.00                           
  3    283.89    48.57     136391    0.00    1.01    0.00                           
  4    297.58    54.57       9373    0.00    0.63    0.00                           
  5    302.45    56.71     107170    0.00    0.96    0.00                           
  6    318.73    63.85      10899   10.44    0.87   71.32                           
  7    346.71    76.11       8185    0.00    0.85    0.00                           
  8    444.50   118.99        72135308.24    2.32 1776.02                           
  9    694.13   228.43       6255    0.00    0.95    0.00                           
 10    707.80   234.42       1942   13.19    0.81    3.97                           
 11    761.10   257.79     209435    0.48    0.92    6.80                           
 12    770.39   261.87       3481    0.00    0.44    0.00                           
 13    801.28   275.41     760429    0.00    0.96    0.00                           
 14    900.55   318.93     101006    0.78    0.96    6.78                           
 15    919.60   327.29        314   62.42   -0.27                                   
 16    925.60   329.92      47294    0.00    1.00    0.00                           
 17    934.98   334.03       3446   41.32    1.38    0.02                           
 18   1075.86   395.80      12390    3.24    1.96    0.96                           
 19   1203.81   451.90       9453    0.00    1.13    0.00                           
 20   1250.06   472.17      13773    3.66    1.08    0.19                           
 21   1390.54   533.76       4015    0.00    1.13    0.00                           
 22   1458.76   563.67       2093    7.55    1.22    0.94                           
 23   1578.27   616.07       1273   11.87    1.16    1.45                           
 24   1606.56   628.47       7270    0.00    1.29    0.00                           
 25   1649.24   647.19       5560    0.00    1.22    0.00                           
 26   1784.20   706.36       7826   10.52    1.28    1.63                           
 27   1886.45   751.19       4421   10.04    1.29    1.63                           
 28   2154.22   868.59       5168    6.47    1.44    0.35                           
 29   2247.92   909.67      76123    2.00    1.43    5.87                           
 30   2529.79  1033.25      76970    0.89    1.51    1.39                           
 31   2756.86  1132.81      61677    1.19    1.58    3.33                           
 32   3294.40  1368.49       2917   33.42    1.45    0.56                           
 33   4798.73  2028.04      10246    2.67    2.10    2.68                           



Nuclide         Activity Specific act.   Error
                      Bk         Bk/kg       %
----------------------------------------------
Radionuclide library was not loaded


