AnGamma  Version 3.30    24/02/2015 18:50:15

File: 8AU88P5.SPC
Sample date:                  18/11/2002 10:49:51
Weight:                       1 kg
Volume:                       1 l
Start date:                   21/10/2014 8:27:52
Real time:                    21648 sec
Live time:                    21451 sec


  N    Center   Energy       Area   Error    Fwhm    Chi2  Nuclide                  
      channel      keV      count       %     keV                                   
------------------------------------------------------------------------------------
  1    288.34    65.02     146501    0.56    0.8214072.93                           
  2    303.94    73.76      70866    0.82    1.06 1141.85                           
  3    320.59    83.08       5505   10.80    1.15    2.44                           
  4    598.35   238.59       4072    0.00    1.11    0.00                           
  5    699.17   295.04       2234    0.00    1.18    0.00                           
  6    766.81   332.91     147423    0.52    1.17   10.21                           
  7    776.28   338.21        936    0.00    0.99    0.00                           
  8    786.97   344.20       1169   25.36    1.19    7.79                           
  9    807.34   355.60     559101    0.38    1.20    5.86                           
 10    907.54   411.70     199812    0.39    1.24    0.78                           
 11    923.48   420.63       2831    0.00    1.37    0.00                           
 12    926.81   422.49       1649    0.00    0.88    0.00                           
 13    932.80   425.84      31913    0.00    1.15    0.00                           
 14    942.41   431.22       1832   35.73    1.48    0.62                           
 15   1084.40   510.72       2280   10.82    1.87    0.49                           
 16   1213.56   583.04       2832    0.00    1.45    0.00                           
 17   1260.36   609.24       4709    0.00    1.43    0.00                           
 18   1353.68   661.49       4746    0.00    1.44    0.00                           
 19   1379.41   675.89        650   73.47    0.76   16.94                           
 20   1402.11   688.60       3121    0.00    1.45    0.00                           
 21   1799.28   910.97       2471    5.39    1.56    0.72                           
 22   1893.60   963.78       1236   31.44    3.34  250.78                           
 23   1902.67   968.86       1357    0.00    1.24    0.00                           
 24   2172.85  1120.13       1697    6.79    1.65    1.25                           
 25   2267.30  1173.01      12081    7.77    1.73    3.35                           
 26   2551.73  1332.26      14143    1.93    1.86    0.80                           
 27   2780.85  1460.54      19295    1.97    1.95    2.01                           
 28   3323.34  1764.27       1714    4.27    2.07    0.63                           



Nuclide         Activity Specific act.   Error
                      Bk         Bk/kg       %
----------------------------------------------
Radionuclide library was not loaded


