AnGamma  Version 3.30    24/02/2015 18:50:37

File: 8TM67P5.SPC
Sample date:                  18/11/2002 10:49:51
Weight:                       1 kg
Volume:                       1 l
Start date:                   20/10/2014 12:27:30
Real time:                    14737 sec
Live time:                    14657 sec


  N    Center   Energy       Area   Error    Fwhm    Chi2  Nuclide                  
      channel      keV      count       %     keV                                   
------------------------------------------------------------------------------------
  1    302.88    73.16       4752    0.00    0.92    0.00                           
  2    311.37    77.92       5194    0.00    1.22    0.00                           
  3    320.26    82.89       4261   11.30    1.41    0.55                           
  4    349.40    99.21       2536   15.38    0.77    7.47                           
  5    501.14   184.17      15846    0.00    1.13    0.00                           
  6    526.14   198.16      44564    1.09    1.07    3.80                           
  7    543.23   207.73      36688    0.94    1.09    1.65                           
  8    598.15   238.48       2538    0.00    1.07    0.00                           
  9    699.39   295.16       1621   11.98    1.17    2.16                           
 10    800.73   351.90       2481    0.00    1.16    0.00                           
 11    971.41   447.46      10563    3.50    1.26    3.89                           
 12   1148.76   546.76       1167   10.00    1.37    0.75                           
 13   1213.65   583.09       2751   21.20    1.45    0.03                           
 14   1260.52   609.33       3053    0.00    1.54    0.00                           
 15   1300.43   631.68       3204    0.00    1.56    0.00                           
 16   1353.95   661.64       3341    0.00    1.40    0.00                           
 17   1458.77   720.33       4073    0.00    1.50    0.00                           
 18   1477.25   730.67       1452    0.00    1.40    0.00                           
 19   1496.32   741.35       4204    0.00    1.47    0.00                           
 20   1629.56   815.95      15309    2.06    1.51    0.08                           
 21   1638.78   821.11       2983    6.36    1.34   24.81                           
 22   1654.47   829.89       2641    5.01    1.56   36.78                           
 23   1801.18   912.04         8717097644.91    0.8316531879.00                           
 24   1807.48   915.57         4211254882.37    0.7916531879.00                           
 25   1894.32   964.18        993   29.79    1.69    0.73                           
 26   1902.65   968.85        866    0.00    1.18    0.00                           
 27   2267.60  1173.18       7990   11.51    1.72    4.43                           
 28   2552.09  1332.46       8608    2.91    1.81    0.58                           
 29   2781.32  1460.81      13358    3.25    1.98    2.95                           
 30   4842.22  2614.67       2480    4.26    2.56    1.73                           



Nuclide         Activity Specific act.   Error
                      Bk         Bk/kg       %
----------------------------------------------
Radionuclide library was not loaded


